$ 1 0.000005 2.803162489452614 56 5 50 5e-11
155 128 224 224 224 0 5
155 336 224 368 224 0 0
155 560 224 608 224 0 0
155 768 224 816 224 0 5
w 32 256 128 256 0
w 32 256 32 384 0
w 32 384 336 384 0
w 336 256 336 384 0
w 336 384 560 384 0
w 560 256 560 384 0
w 768 256 768 384 0
w 768 384 560 384 0
w 128 224 128 192 0
w 128 192 240 192 0
w 240 192 240 288 0
w 240 288 224 288 0
150 160 144 160 48 0 2 0 5
150 224 144 224 48 0 3 0 5
152 224 0 336 0 0 2 0 5
w 336 0 336 224 0
w 224 16 224 48 0
w 224 -16 160 -16 0
w 160 -16 160 48 0
w 224 224 224 144 0
w 432 288 432 320 0
w 432 320 320 320 0
w 320 320 320 144 0
w 320 144 240 144 0
w 880 176 208 176 0
w 208 176 208 144 0
w 864 288 880 288 0
w 880 176 880 288 0
w 224 288 224 320 0
w 224 320 112 320 0
w 112 320 112 144 0
w 112 144 144 144 0
w 176 144 176 160 0
w 176 160 432 160 0
w 432 160 432 224 0
150 416 448 416 560 0 2 0 5
150 480 448 480 560 0 2 0 5
150 352 448 352 560 0 3 0 5
152 544 576 672 576 0 3 0 5
w 480 560 544 560 0
w 416 560 416 576 0
w 416 576 544 576 0
w 352 560 352 592 0
w 352 592 544 592 0
w 560 224 560 192 0
w 560 192 672 192 0
w 672 192 672 576 0
w 224 224 256 224 0
w 256 224 256 448 0
w 256 448 336 448 0
w 432 224 448 224 0
w 448 224 448 400 0
w 448 400 352 400 0
w 352 400 352 448 0
w 656 288 656 416 0
w 656 416 368 416 0
w 368 416 368 448 0
w 224 288 272 288 0
w 272 288 272 432 0
w 272 432 400 432 0
w 400 432 400 448 0
w 656 224 688 224 0
w 688 224 688 368 0
w 688 368 432 368 0
w 432 368 432 448 0
w 432 288 464 288 0
w 464 288 464 448 0
w 656 224 656 448 0
w 656 448 496 448 0
150 576 144 576 48 0 3 0 5
152 688 16 768 16 0 2 0 5
w 768 16 768 224 0
w 640 96 640 32 0
w 640 32 688 32 0
w 688 0 576 0 0
w 576 0 576 48 0
w 224 224 288 224 0
w 288 224 288 192 0
w 288 192 544 192 0
w 544 192 544 144 0
w 544 144 560 144 0
w 432 224 480 224 0
w 480 224 480 160 0
w 480 160 576 160 0
w 576 160 576 144 0
w 656 224 656 160 0
w 656 160 592 160 0
w 592 160 592 144 0
150 736 96 640 96 0 2 0 5
w 224 288 224 352 0
w 224 352 752 352 0
w 736 80 752 80 0
w 752 80 752 352 0
w 864 224 864 112 0
w 864 112 736 112 0
w 864 1040 736 1040 0
w 864 1152 864 1040 0
w 752 1008 752 1280 0
w 736 1008 752 1008 0
w 224 1280 752 1280 0
w 224 1216 224 1280 0
150 736 1024 640 1024 0 2 0 5
w 592 1088 592 1072 0
w 656 1088 592 1088 0
w 656 1152 656 1088 0
w 576 1088 576 1072 0
w 480 1088 576 1088 0
w 480 1152 480 1088 0
w 432 1152 480 1152 0
w 544 1072 560 1072 0
w 544 1120 544 1072 0
w 288 1120 544 1120 0
w 288 1152 288 1120 0
w 224 1152 288 1152 0
w 576 928 576 976 0
w 688 928 576 928 0
w 640 960 688 960 0
w 640 1024 640 960 0
w 768 944 768 1152 0
152 688 944 768 944 0 2 0 5
150 576 1072 576 976 0 3 0 5
w 656 1376 496 1376 0
w 656 1152 656 1376 0
w 464 1216 464 1376 0
w 432 1216 464 1216 0
w 432 1296 432 1376 0
w 688 1296 432 1296 0
w 688 1152 688 1296 0
w 656 1152 688 1152 0
w 400 1360 400 1376 0
w 272 1360 400 1360 0
w 272 1216 272 1360 0
w 224 1216 272 1216 0
w 368 1344 368 1376 0
w 656 1344 368 1344 0
w 656 1216 656 1344 0
w 352 1328 352 1376 0
w 448 1328 352 1328 0
w 448 1152 448 1328 0
w 432 1152 448 1152 0
w 256 1376 336 1376 0
w 256 1152 256 1376 0
w 224 1152 256 1152 0
w 672 1120 672 1504 0
w 560 1120 672 1120 0
w 560 1152 560 1120 0
w 352 1520 544 1520 0
w 352 1488 352 1520 0
w 416 1504 544 1504 0
w 416 1488 416 1504 0
w 480 1488 544 1488 0
152 544 1504 672 1504 0 3 0 5
150 352 1376 352 1488 0 3 0 5
150 480 1376 480 1488 0 2 0 5
150 416 1376 416 1488 0 2 0 5
w 432 1088 432 1152 0
w 176 1088 432 1088 0
w 176 1072 176 1088 0
w 112 1072 144 1072 0
w 112 1248 112 1072 0
w 224 1248 112 1248 0
w 224 1216 224 1248 0
w 880 1104 880 1216 0
w 864 1216 880 1216 0
w 208 1104 208 1072 0
w 880 1104 208 1104 0
w 320 1072 240 1072 0
w 320 1248 320 1072 0
w 432 1248 320 1248 0
w 432 1216 432 1248 0
w 224 1152 224 1072 0
w 160 912 160 976 0
w 224 912 160 912 0
w 224 944 224 976 0
w 336 928 336 1152 0
152 224 928 336 928 0 2 5 5
150 224 1072 224 976 0 3 5 5
150 160 1072 160 976 0 2 0 5
w 240 1216 224 1216 0
w 240 1120 240 1216 0
w 128 1120 240 1120 0
w 128 1152 128 1120 0
w 768 1312 560 1312 0
w 768 1184 768 1312 0
w 560 1184 560 1312 0
w 336 1312 560 1312 0
w 336 1184 336 1312 0
w 32 1312 336 1312 0
w 32 1184 32 1312 0
w 32 1184 128 1184 0
155 768 1152 816 1152 0 0
155 560 1152 608 1152 0 0
155 336 1152 368 1152 0 0
155 128 1152 224 1152 0 5
197 336 -96 576 -96 7168
197 336 832 368 832 7168
w 224 1152 304 1152 0
w 304 1152 304 1056 0
w 304 1056 464 1056 0
w 464 928 464 1056 0
w 432 1152 496 1152 0
w 496 928 496 1152 0
w 656 1152 656 944 0
w 656 944 528 944 0
w 528 944 528 928 0
w 864 1152 896 1152 0
w 896 1152 896 1072 0
w 896 1072 624 1072 0
w 624 1072 624 960 0
w 624 960 560 960 0
w 560 960 560 928 0
w 224 224 304 224 0
w 304 224 304 128 0
w 304 128 464 128 0
w 464 0 464 128 0
w 432 224 496 224 0
w 496 0 496 224 0
w 656 224 720 224 0
w 720 224 720 144 0
w 720 144 624 144 0
w 624 144 624 16 0
w 624 16 528 16 0
w 528 16 528 0 0
w 560 0 560 32 0
w 560 32 608 32 0
w 608 32 608 128 0
w 608 128 896 128 0
w 896 128 896 224 0
w 896 224 864 224 0
150 112 816 112 672 0 2 0 5
w 464 928 416 928 0
w 416 928 416 960 0
w 416 960 96 960 0
w 96 816 96 960 0
w 560 928 544 928 0
w 544 928 544 960 0
w 544 960 128 960 0
w 128 960 128 816 0
155 128 576 192 576 0 0
w 128 576 112 576 0
w 112 576 112 672 0
R 32 1184 -176 1184 1 2 1000 2.5 2.5 0 0.5
w 32 608 128 608 0
w 224 576 224 464 0
w 224 464 128 464 0
w 128 256 128 464 0
w 32 1184 32 608 0
w -256 1152 -288 1152 0
w -256 1056 -256 1152 0
w -544 1056 -256 1056 0
w -544 960 -544 1056 0
w -592 960 -544 960 0
w -592 928 -592 960 0
w -624 944 -624 928 0
w -528 944 -624 944 0
w -528 1072 -528 944 0
w -432 1072 -528 1072 0
w -432 1152 -432 1072 0
w -496 1152 -432 1152 0
w -656 928 -656 1152 0
w -720 1152 -656 1152 0
w -688 928 -688 1056 0
w -848 1056 -688 1056 0
w -848 1152 -848 1056 0
w -928 1152 -848 1152 0
197 -816 832 -576 832 7168
w -288 1040 -416 1040 0
w -288 1152 -288 1040 0
w -400 1008 -400 1280 0
w -416 1008 -400 1008 0
w -928 1280 -400 1280 0
w -928 1216 -928 1280 0
150 -416 1024 -512 1024 0 2 0 5
w -560 1088 -560 1072 0
w -496 1088 -560 1088 0
w -496 1152 -496 1088 0
w -576 1088 -576 1072 0
w -672 1088 -576 1088 0
w -672 1152 -672 1088 0
w -720 1152 -672 1152 0
w -608 1072 -592 1072 0
w -608 1120 -608 1072 0
w -864 1120 -608 1120 0
w -864 1152 -864 1120 0
w -928 1152 -864 1152 0
w -576 928 -576 976 0
w -464 928 -576 928 0
w -512 960 -464 960 0
w -512 1024 -512 960 0
w -384 944 -384 1152 0
152 -464 944 -384 944 0 2 0 5
150 -576 1072 -576 976 0 3 0 5
w -496 1376 -656 1376 0
w -496 1152 -496 1376 0
w -688 1216 -688 1376 0
w -720 1216 -688 1216 0
w -720 1296 -720 1376 0
w -464 1296 -720 1296 0
w -464 1152 -464 1296 0
w -496 1152 -464 1152 0
w -752 1360 -752 1376 0
w -880 1360 -752 1360 0
w -880 1216 -880 1360 0
w -928 1216 -880 1216 0
w -784 1344 -784 1376 0
w -496 1344 -784 1344 0
w -496 1216 -496 1344 0
w -800 1328 -800 1376 0
w -704 1328 -800 1328 0
w -704 1152 -704 1328 0
w -720 1152 -704 1152 0
w -896 1376 -816 1376 0
w -896 1152 -896 1376 0
w -928 1152 -896 1152 0
w -480 1120 -480 1504 0
w -592 1120 -480 1120 0
w -592 1152 -592 1120 0
w -800 1520 -608 1520 0
w -800 1488 -800 1520 0
w -736 1504 -608 1504 0
w -736 1488 -736 1504 0
w -672 1488 -608 1488 0
152 -608 1504 -480 1504 0 3 0 5
150 -800 1376 -800 1488 0 3 0 5
150 -672 1376 -672 1488 0 2 0 5
150 -736 1376 -736 1488 0 2 0 5
w -720 1088 -720 1152 0
w -976 1088 -720 1088 0
w -976 1072 -976 1088 0
w -1040 1072 -1008 1072 0
w -1040 1248 -1040 1072 0
w -928 1248 -1040 1248 0
w -928 1216 -928 1248 0
w -272 1104 -272 1216 0
w -288 1216 -272 1216 0
w -944 1104 -944 1072 0
w -272 1104 -944 1104 0
w -832 1072 -912 1072 0
w -832 1248 -832 1072 0
w -720 1248 -832 1248 0
w -720 1216 -720 1248 0
w -928 1152 -928 1072 0
w -992 912 -992 976 0
w -928 912 -992 912 0
w -928 944 -928 976 0
w -816 928 -816 1152 0
152 -928 928 -816 928 0 2 5 5
150 -928 1072 -928 976 0 3 5 5
150 -992 1072 -992 976 0 2 0 5
w -912 1216 -928 1216 0
w -912 1120 -912 1216 0
w -1024 1120 -912 1120 0
w -1024 1152 -1024 1120 0
w -384 1312 -592 1312 0
w -384 1184 -384 1312 0
w -592 1184 -592 1312 0
w -816 1312 -592 1312 0
w -816 1184 -816 1312 0
w -1120 1312 -816 1312 0
w -1120 1184 -1120 1312 0
w -1120 1184 -1024 1184 0
155 -384 1152 -336 1152 0 0
155 -592 1152 -544 1152 0 0
155 -816 1152 -784 1152 0 0
155 -1024 1152 -928 1152 0 5
155 -2128 1152 -2032 1152 0 0
155 -1920 1152 -1888 1152 0 5
155 -1696 1152 -1648 1152 0 0
155 -1488 1152 -1440 1152 0 0
w -2224 1184 -2128 1184 0
w -2224 1184 -2224 1312 0
w -2224 1312 -1920 1312 0
w -1920 1184 -1920 1312 0
w -1920 1312 -1696 1312 0
w -1696 1184 -1696 1312 0
w -1488 1184 -1488 1312 0
w -1488 1312 -1696 1312 0
w -2128 1152 -2128 1120 0
w -2128 1120 -2016 1120 0
w -2016 1120 -2016 1216 0
w -2016 1216 -2032 1216 0
150 -2096 1072 -2096 976 0 2 5 5
150 -2032 1072 -2032 976 0 3 0 5
152 -2032 928 -1920 928 0 2 5 5
w -1920 928 -1920 1152 0
w -2032 944 -2032 976 0
w -2032 912 -2096 912 0
w -2096 912 -2096 976 0
w -2032 1152 -2032 1072 0
w -1824 1216 -1824 1248 0
w -1824 1248 -1936 1248 0
w -1936 1248 -1936 1072 0
w -1936 1072 -2016 1072 0
w -1376 1104 -2048 1104 0
w -2048 1104 -2048 1072 0
w -1392 1216 -1376 1216 0
w -1376 1104 -1376 1216 0
w -2032 1216 -2032 1248 0
w -2032 1248 -2144 1248 0
w -2144 1248 -2144 1072 0
w -2144 1072 -2112 1072 0
w -2080 1072 -2080 1088 0
w -2080 1088 -1824 1088 0
w -1824 1088 -1824 1152 0
150 -1840 1376 -1840 1488 0 2 0 5
150 -1776 1376 -1776 1488 0 2 0 5
150 -1904 1376 -1904 1488 0 3 0 5
152 -1712 1504 -1584 1504 0 3 0 5
w -1776 1488 -1712 1488 0
w -1840 1488 -1840 1504 0
w -1840 1504 -1712 1504 0
w -1904 1488 -1904 1520 0
w -1904 1520 -1712 1520 0
w -1696 1152 -1696 1120 0
w -1696 1120 -1584 1120 0
w -1584 1120 -1584 1504 0
w -2032 1152 -2000 1152 0
w -2000 1152 -2000 1376 0
w -2000 1376 -1920 1376 0
w -1824 1152 -1808 1152 0
w -1808 1152 -1808 1328 0
w -1808 1328 -1904 1328 0
w -1904 1328 -1904 1376 0
w -1600 1216 -1600 1344 0
w -1600 1344 -1888 1344 0
w -1888 1344 -1888 1376 0
w -2032 1216 -1984 1216 0
w -1984 1216 -1984 1360 0
w -1984 1360 -1856 1360 0
w -1856 1360 -1856 1376 0
w -1600 1152 -1568 1152 0
w -1568 1152 -1568 1296 0
w -1568 1296 -1824 1296 0
w -1824 1296 -1824 1376 0
w -1824 1216 -1792 1216 0
w -1792 1216 -1792 1376 0
w -1600 1152 -1600 1376 0
w -1600 1376 -1760 1376 0
150 -1680 1072 -1680 976 0 3 0 5
152 -1568 944 -1488 944 0 2 0 5
w -1488 944 -1488 1152 0
w -1616 1024 -1616 960 0
w -1616 960 -1568 960 0
w -1568 928 -1680 928 0
w -1680 928 -1680 976 0
w -2032 1152 -1968 1152 0
w -1968 1152 -1968 1120 0
w -1968 1120 -1712 1120 0
w -1712 1120 -1712 1072 0
w -1712 1072 -1696 1072 0
w -1824 1152 -1776 1152 0
w -1776 1152 -1776 1088 0
w -1776 1088 -1680 1088 0
w -1680 1088 -1680 1072 0
w -1600 1152 -1600 1088 0
w -1600 1088 -1664 1088 0
w -1664 1088 -1664 1072 0
150 -1520 1024 -1616 1024 0 2 0 5
w -2032 1216 -2032 1280 0
w -2032 1280 -1504 1280 0
w -1520 1008 -1504 1008 0
w -1504 1008 -1504 1280 0
w -1392 1152 -1392 1040 0
w -1392 1040 -1520 1040 0
197 -1920 832 -1680 832 7168
w -2032 1152 -1952 1152 0
w -1952 1152 -1952 1056 0
w -1952 1056 -1792 1056 0
w -1792 928 -1792 1056 0
w -1824 1152 -1760 1152 0
w -1760 928 -1760 1152 0
w -1600 1152 -1536 1152 0
w -1536 1152 -1536 1072 0
w -1536 1072 -1632 1072 0
w -1632 1072 -1632 944 0
w -1632 944 -1728 944 0
w -1728 944 -1728 928 0
w -1696 928 -1696 960 0
w -1696 960 -1648 960 0
w -1648 960 -1648 1056 0
w -1648 1056 -1360 1056 0
w -1360 1056 -1360 1152 0
w -1360 1152 -1392 1152 0
155 -992 240 -816 240 0 5
155 -736 240 -672 240 0 0
155 -480 240 -416 240 0 5
w -992 272 -1120 272 0
w -1120 272 -1120 384 0
w -1120 384 -736 384 0
w -736 384 -736 272 0
w -736 384 -480 384 0
w -480 384 -480 272 0
w -992 240 -992 208 0
w -992 208 -880 208 0
w -880 208 -880 304 0
w -880 304 -896 304 0
150 -928 144 -928 32 0 2 0 5
150 -864 144 -864 32 0 3 0 5
152 -864 0 -736 0 0 2 0 5
w -736 0 -736 240 0
w -864 16 -864 32 0
w -864 -16 -928 -16 0
w -928 -16 -928 32 0
w -848 144 -848 240 0
w -848 240 -896 240 0
w -640 304 -640 336 0
w -640 336 -864 336 0
w -864 336 -864 144 0
w -384 304 -384 336 0
w -384 336 -832 336 0
w -832 336 -832 192 0
w -832 192 -880 192 0
w -880 192 -880 144 0
w -896 304 -896 336 0
w -896 336 -1008 336 0
w -1008 336 -1008 192 0
w -1008 192 -944 192 0
w -944 192 -944 144 0
w -640 240 -640 208 0
w -640 208 -816 208 0
w -816 208 -816 176 0
w -816 176 -912 176 0
w -912 176 -912 144 0
152 -592 128 -480 128 0 2 0 5
w -480 128 -480 240 0
150 -656 32 -656 144 0 2 0 5
150 -480 48 -592 48 0 2 0 5
w -656 144 -592 144 0
w -592 48 -592 112 0
w -896 304 -768 304 0
w -768 304 -768 32 0
w -768 32 -672 32 0
w -384 240 -384 192 0
w -384 192 -608 192 0
w -608 192 -608 32 0
w -608 32 -640 32 0
w -896 240 -896 256 0
w -896 256 -800 256 0
w -800 256 -800 176 0
w -800 176 -448 176 0
w -448 176 -448 64 0
w -480 64 -448 64 0
w -480 32 -464 32 0
w -464 32 -464 160 0
w -464 160 -496 160 0
w -496 160 -496 240 0
w -496 240 -640 240 0
197 -416 64 -400 64 7168
w -896 240 -896 272 0
w -896 272 -816 272 0
w -816 272 -816 352 0
w -816 352 -288 352 0
w -288 352 -288 160 0
w -640 240 -640 256 0
w -640 256 -592 256 0
w -592 256 -592 368 0
w -592 368 -256 368 0
w -256 368 -256 160 0
w -384 240 -224 240 0
w -224 240 -224 160 0
w -1360 224 -1360 144 0
w -1520 224 -1360 224 0
w -1392 352 -1392 144 0
w -1728 352 -1392 352 0
w -1728 240 -1728 352 0
w -1776 240 -1728 240 0
w -1776 224 -1776 240 0
w -1424 336 -1424 144 0
w -1952 336 -1424 336 0
w -1952 256 -1952 336 0
w -2032 256 -1952 256 0
w -2032 224 -2032 256 0
197 -1552 48 -1536 48 7168
w -1632 224 -1776 224 0
w -1632 144 -1632 224 0
w -1600 144 -1632 144 0
w -1600 16 -1600 144 0
w -1616 16 -1600 16 0
w -1616 48 -1584 48 0
w -1584 160 -1584 48 0
w -1936 160 -1584 160 0
w -1936 240 -1936 160 0
w -2032 240 -1936 240 0
w -2032 224 -2032 240 0
w -1744 16 -1776 16 0
w -1744 176 -1744 16 0
w -1520 176 -1744 176 0
w -1520 224 -1520 176 0
w -1904 16 -1808 16 0
w -1904 288 -1904 16 0
w -2032 288 -1904 288 0
w -1728 32 -1728 96 0
w -1792 128 -1728 128 0
150 -1616 32 -1728 32 0 2 5 5
150 -1792 16 -1792 128 0 2 0 5
w -1616 112 -1616 224 0
152 -1728 112 -1616 112 0 2 5 5
w -2048 160 -2048 128 0
w -1952 160 -2048 160 0
w -1952 192 -1952 160 0
w -1776 192 -1952 192 0
w -1776 224 -1776 192 0
w -2080 176 -2080 128 0
w -2144 176 -2080 176 0
w -2144 320 -2144 176 0
w -2032 320 -2144 320 0
w -2032 288 -2032 320 0
w -2016 176 -2016 128 0
w -1968 176 -2016 176 0
w -1968 320 -1968 176 0
w -1520 320 -1968 320 0
w -1520 288 -1520 320 0
w -2000 320 -2000 128 0
w -1776 320 -2000 320 0
w -1776 288 -1776 320 0
w -1984 224 -2032 224 0
w -1984 128 -1984 224 0
w -2064 -32 -2064 16 0
w -2000 -32 -2064 -32 0
w -2000 0 -2000 16 0
w -1872 -16 -1872 224 0
152 -2000 -16 -1872 -16 0 2 0 5
150 -2000 128 -2000 16 0 3 0 5
150 -2064 128 -2064 16 0 2 0 5
w -2016 288 -2032 288 0
w -2016 192 -2016 288 0
w -2128 192 -2016 192 0
w -2128 224 -2128 192 0
w -1616 368 -1616 256 0
w -1872 368 -1616 368 0
w -1872 368 -1872 256 0
w -2256 368 -1872 368 0
w -2256 256 -2256 368 0
w -2128 256 -2256 256 0
155 -1616 224 -1552 224 0 0
155 -1872 224 -1808 224 0 5
155 -2128 224 -1952 224 0 5
155 -1008 656 -880 656 0 0
150 -880 832 -1008 832 0 2 0 5
w -688 928 -704 928 0
w -704 928 -704 976 0
w -704 976 -832 976 0
w -832 976 -832 816 0
w -832 816 -880 816 0
w -592 928 -608 928 0
w -608 928 -608 992 0
w -608 992 -832 992 0
w -832 992 -832 848 0
w -832 848 -880 848 0
w -1008 832 -1040 832 0
w -1040 832 -1040 656 0
w -1040 656 -1008 656 0
w -992 272 -992 592 0
w -992 592 -912 592 0
w -912 592 -912 656 0
w -1008 688 -1072 688 0
w -1072 688 -1072 1200 0
w -1072 1200 -1024 1200 0
w -1024 1200 -1024 1184 0
157 -1376 -576 -1280 -576 7168 7 0 0
157 -1152 -576 -1056 -576 7168 7 0 0
w -720 736 -720 800 0
w -80 704 -752 704 0
w -752 704 -752 800 0
w -96 672 -784 672 0
w -784 672 -784 800 0
w -320 -96 -1440 -96 0
150 -2112 832 -2240 832 0 2 0 5
w -1792 928 -1824 928 0
w -1824 928 -1824 960 0
w -1824 960 -2080 960 0
w -2080 960 -2080 848 0
w -2080 848 -2112 848 0
w -1696 928 -1712 928 0
w -1712 928 -1712 960 0
w -1712 960 -1936 960 0
w -1936 960 -1936 816 0
w -1936 816 -2112 816 0
155 -2224 624 -2128 624 0 0
w -2240 624 -2240 832 0
w -2128 624 -2128 256 0
w -2224 624 -2240 624 0
w -2224 656 -2272 656 0
w -2272 656 -2272 1216 0
w -2272 1216 -2128 1216 0
w -2128 1216 -2128 1184 0
157 -1600 -576 -1456 -576 7168 7 0 0
157 -1824 -576 -1680 -576 7168 7 0 0
157 -944 -576 -832 -576 7168 7 0 0
157 -2096 -576 -1888 -576 7168 7 0 0
w 432 736 432 800 0
w 992 704 400 704 0
w 400 704 400 800 0
w 368 688 368 800 0
w 400 -256 400 -128 0
150 -16 112 -16 288 0 2 5 5
w 464 0 432 0 0
w 432 0 432 64 0
w 432 64 -32 64 0
w -32 64 -32 112 0
w 560 0 544 0 0
w 544 0 544 48 0
w 544 48 0 48 0
w 0 48 0 112 0
155 -352 400 -336 400 0 0
w -16 288 -352 288 0
w -352 288 -352 400 0
w -256 400 -224 400 0
w -224 400 -224 784 0
w -224 784 -1024 784 0
w -1024 784 -1024 1184 0
w -352 432 -352 496 0
w -352 496 -240 496 0
w -240 496 -240 272 0
w -240 272 128 272 0
w 128 272 128 256 0
150 -1072 432 -1184 432 0 2 5 5
w -288 160 -368 160 0
w -368 160 -368 416 0
w -368 416 -1072 416 0
w -224 160 -208 160 0
w -208 160 -208 512 0
w -208 512 -368 512 0
w -368 512 -368 448 0
w -368 448 -1072 448 0
155 -1584 464 -1568 464 0 0
w -1584 464 -1584 432 0
w -1584 432 -1184 432 0
w -1488 464 -1488 416 0
w -1488 416 -1616 416 0
w -1616 416 -1616 784 0
w -1616 784 -2128 784 0
w -2128 784 -2128 1184 0
w -1584 496 -1584 560 0
w -1584 560 -1456 560 0
w -1456 560 -1456 272 0
w -1456 272 -992 272 0
w 560 800 960 800 0
w 960 800 960 -448 0
w 960 -448 -816 -448 0
w 528 800 528 784 0
w 528 784 944 784 0
w 944 784 944 -432 0
w 944 -432 -848 -432 0
w -848 -432 -848 -448 0
w 496 800 496 768 0
w 496 768 928 768 0
w 928 768 928 -416 0
w 928 -416 -880 -416 0
w -880 -416 -880 -448 0
w 464 800 464 752 0
w 464 752 912 752 0
w 912 752 912 -400 0
w 912 -400 -912 -400 0
w -912 -400 -912 -448 0
w 432 736 976 736 0
w 976 736 976 -384 0
w 976 -384 -944 -384 0
w -944 -384 -944 -512 0
w 992 704 992 -368 0
w 992 -368 -960 -368 0
w -960 -368 -960 -544 0
w -960 -544 -944 -544 0
w 368 688 1008 688 0
w 1008 688 1008 -352 0
w 1008 -352 -976 -352 0
w -976 -352 -976 -576 0
w -976 -576 -944 -576 0
w 560 -128 560 -336 0
w 560 -336 -1024 -336 0
w -1024 -336 -1024 -448 0
w 528 -128 528 -320 0
w 528 -320 -1056 -320 0
w -1056 -320 -1056 -448 0
w 496 -128 496 -304 0
w 496 -304 -1088 -304 0
w -1088 -304 -1088 -448 0
w 464 -128 464 -288 0
w 464 -288 -1120 -288 0
w -1120 -288 -1120 -448 0
w 432 -128 432 -272 0
w 432 -272 -1152 -272 0
w -1152 -272 -1152 -512 0
w 400 -256 -1168 -256 0
w -1168 -256 -1168 -544 0
w -1168 -544 -1152 -544 0
w 368 -128 368 -240 0
w 368 -240 -1184 -240 0
w -1184 -240 -1184 -576 0
w -1184 -576 -1152 -576 0
w -592 800 -592 480 0
w -592 480 -1216 480 0
w -624 800 -624 496 0
w -624 496 -1232 496 0
w -656 800 -656 512 0
w -656 512 -1248 512 0
w -1248 -448 -1248 -208 0
w -1248 -208 -1216 -208 0
w -1216 -208 -1216 480 0
w -1280 -448 -1280 -192 0
w -1280 -192 -1232 -192 0
w -1232 -192 -1232 496 0
w -1312 -448 -1312 -176 0
w -1312 -176 -1248 -176 0
w -1248 -176 -1248 512 0
w -1344 -448 -1344 -160 0
w -1344 -160 -1264 -160 0
w -1264 -160 -1264 528 0
w -688 800 -688 528 0
w -688 528 -1264 528 0
w -1376 -512 -1376 -144 0
w -1376 -144 -64 -144 0
w -64 -144 -64 736 0
w -720 736 -64 736 0
w -1376 -544 -1392 -544 0
w -1392 -544 -1392 -128 0
w -1392 -128 -80 -128 0
w -80 -128 -80 704 0
w -1376 -576 -1424 -576 0
w -1424 -576 -1424 -112 0
w -1424 -112 -96 -112 0
w -96 -112 -96 672 0
w -192 32 -192 -224 0
w -1472 -448 -1472 -224 0
w -1472 -224 -192 -224 0
w -224 32 -224 -208 0
w -224 -208 -1504 -208 0
w -1504 -208 -1504 -448 0
w -256 32 -256 -192 0
w -256 -192 -1536 -192 0
w -1536 -192 -1536 -448 0
w -288 32 -288 -176 0
w -288 -176 -1568 -176 0
w -1568 -176 -1568 -448 0
w -320 32 -320 -96 0
w -1600 -512 -1600 -160 0
w -352 32 -352 -80 0
w -352 -80 -1456 -80 0
w -1600 -544 -1616 -544 0
w -1616 -544 -1616 -144 0
w -384 32 -384 -64 0
w -384 -64 -1472 -64 0
w -1600 -576 -1632 -576 0
w -1632 -576 -1632 -128 0
w -1440 -96 -1440 -160 0
w -1440 -160 -1600 -160 0
w -1456 -80 -1456 -144 0
w -1456 -144 -1616 -144 0
w -1472 -64 -1472 -128 0
w -1472 -128 -1632 -128 0
155 -3792 1200 -3744 1200 0 5
w -3888 1152 -3888 1232 0
w -3888 1232 -3792 1232 0
155 -3568 1200 -3536 1200 0 0
w -3888 1152 -3600 1152 0
w -3600 1152 -3600 1232 0
w -3600 1232 -3568 1232 0
w -3696 1200 -3680 1200 0
w -3472 1200 -3456 1200 0
w -3680 1200 -3680 1104 0
w -3456 1072 -3456 1200 0
w -3456 1072 -3376 1072 0
w -3680 1104 -3376 1104 0
197 -2800 464 -2784 464 0
w -3808 592 -3808 528 0
w -3568 592 -3808 592 0
w -3568 592 -3568 528 0
w -3344 592 -3568 592 0
w -3344 592 -3344 528 0
w -3120 592 -3344 592 0
w -3120 592 -3120 528 0
w -2864 592 -3120 592 0
w -2800 608 -2800 560 0
w -3632 608 -2800 608 0
w -3632 464 -3632 608 0
w -3664 464 -3632 464 0
w -2864 528 -2800 528 0
w -2864 576 -2864 528 0
w -3408 576 -2864 576 0
w -3408 464 -3408 576 0
w -3440 464 -3408 464 0
w -2896 496 -2800 496 0
w -2896 560 -2896 496 0
w -3200 464 -3200 560 0
w -3216 464 -3200 464 0
w -2960 464 -2800 464 0
w -3872 -32 -3872 160 0
w -2992 -32 -3872 -32 0
w -2992 528 -2992 -32 0
w -3840 48 -3840 160 0
w -3744 48 -3840 48 0
w -3744 48 -3744 160 0
w -3712 48 -3744 48 0
w -3776 16 -3776 160 0
w -3616 16 -3776 16 0
w -3616 384 -3616 16 0
w -3472 384 -3616 384 0
w -3808 384 -3808 464 0
w -3792 256 -3792 288 0
w -3760 256 -3792 256 0
w -3824 256 -3824 288 0
w -3856 256 -3824 256 0
150 -3760 160 -3760 256 0 2 0 5
150 -3856 160 -3856 256 0 2 0 5
152 -3808 288 -3808 384 0 2 0 5
w -3840 800 -3808 800 0
w -3840 928 -3840 800 0
w -2992 928 -3840 928 0
w -2992 528 -2992 928 0
w -3024 528 -2992 528 0
w -3808 880 -3808 816 0
w -3440 880 -3808 880 0
w -3840 784 -3808 784 0
w -3840 608 -3840 784 0
w -3712 608 -3840 608 0
w -3712 528 -3712 608 0
w -3584 464 -3584 592 0
w -3568 464 -3584 464 0
w -3568 800 -3568 704 0
w -3696 800 -3568 800 0
w -3664 640 -3664 864 0
w -3696 704 -3600 704 0
w -3808 752 -3808 720 0
w -3472 752 -3808 752 0
w -3472 752 -3472 896 0
w -3472 528 -3472 752 0
w -3808 640 -3808 688 0
w -3664 640 -3808 640 0
w -3664 464 -3664 640 0
150 -3808 800 -3696 800 0 3 0 5
150 -3808 704 -3696 704 0 2 0 5
152 -3584 704 -3584 592 0 2 0 5
w -3440 80 -3440 112 0
w -3664 80 -3440 80 0
w -3664 464 -3664 80 0
w -3504 112 -3456 112 0
w -3504 352 -3504 112 0
w -3440 352 -3504 352 0
w -3440 464 -3440 352 0
w -3424 16 -3424 112 0
w -3120 16 -3424 16 0
w -3120 320 -3120 16 0
w -3232 320 -3120 320 0
w -3232 528 -3232 320 0
w -3248 528 -3232 528 0
w -3360 48 -3360 112 0
w -3712 48 -3360 48 0
w -3712 528 -3712 48 0
w -3328 48 -3328 112 0
w -3168 48 -3328 48 0
w -3168 112 -3168 48 0
w -3264 80 -3264 112 0
w -3136 80 -3264 80 0
w -3136 384 -3136 80 0
w -3472 384 -3136 384 0
w -3472 528 -3472 384 0
w -3168 112 -3232 112 0
w -3168 352 -3168 112 0
w -3216 352 -3168 352 0
w -3216 464 -3216 352 0
w -3344 368 -3344 464 0
w -3328 224 -3328 256 0
w -3248 224 -3328 224 0
w -3344 224 -3344 256 0
w -3360 224 -3360 256 0
w -3440 224 -3360 224 0
150 -3248 112 -3248 224 0 2 0 5
150 -3344 112 -3344 224 0 2 0 5
150 -3440 112 -3440 224 0 3 5 5
152 -3344 256 -3344 368 0 3 5 5
w -3168 736 -3168 720 0
w -3216 736 -3168 736 0
w -3200 912 -3200 864 0
w -3280 912 -3200 912 0
w -3280 672 -3280 912 0
w -3216 672 -3280 672 0
w -3216 464 -3216 672 0
w -3248 464 -3216 464 0
w -3216 880 -3216 864 0
w -3440 880 -3216 880 0
w -3440 464 -3440 880 0
w -3472 464 -3440 464 0
w -3664 864 -3232 864 0
w -3712 464 -3664 464 0
w -3136 736 -3136 720 0
w -3088 736 -3136 736 0
w -3104 896 -3104 864 0
w -3472 896 -3104 896 0
w -2960 864 -3072 864 0
w -3024 464 -2960 464 0
w -3152 464 -3120 464 0
w -3152 608 -3152 464 0
150 -3088 864 -3088 736 0 2 0 5
150 -3216 864 -3216 736 0 3 0 5
152 -3152 720 -3152 608 0 2 0 5
w -3168 496 -3120 496 0
w -3168 416 -3168 496 0
w -3392 416 -3168 416 0
w -3392 496 -3344 496 0
w -3392 416 -3392 496 0
w -3600 416 -3392 416 0
w -3600 496 -3568 496 0
w -3600 416 -3600 496 0
w -3888 416 -3600 416 0
w -3888 496 -3808 496 0
w -3888 416 -3888 496 0
155 -3808 464 -3776 464 2 5
155 -3120 464 -3088 464 2 0
155 -3344 464 -3312 464 2 0
155 -3568 464 -3536 464 2 5
w -3808 592 -3888 592 0
w -3888 592 -3888 1152 0
197 -3376 1008 -3328 1008 0
w -2960 464 -2960 864 0
150 -2912 864 -2912 752 0 2 0 5
w -3408 576 -3408 960 0
w -2928 864 -2960 864 0
w -3408 960 -2896 960 0
w -2896 864 -2896 960 0
152 -2864 752 -2864 656 0 2 0 5
150 -2784 848 -2784 768 0 2 0 5
w -2864 592 -2864 656 0
w -2912 752 -2880 752 0
w -2848 752 -2784 752 0
w -2784 752 -2784 768 0
w -3024 560 -3024 896 0
w -3024 896 -2800 896 0
w -2800 896 -2800 848 0
w -3200 560 -3024 560 0
w -3024 560 -2896 560 0
w -3248 1008 -2304 1008 0
w -3248 1040 -2320 1040 0
w -3248 1072 -2336 1072 0
w -3248 1104 -2352 1104 0
w -3248 1136 -2368 1136 0
w -3248 1168 -2384 1168 0
w -3248 1200 -2400 1200 0
w -2672 592 -2208 592 0
w -2672 624 -2272 624 0
w -2672 656 -2288 656 0
w -2672 560 -2192 560 0
w -2672 528 -2176 528 0
g -3376 1008 -3488 1008 0 0
w -3376 1040 -3376 1008 0
150 -3728 1376 -3824 1376 0 2 0 5
w -3824 1376 -3824 1200 0
w -3824 1200 -3792 1200 0
w -3680 1200 -3568 1200 0
w -3696 1264 -3696 1360 0
w -3696 1360 -3728 1360 0
w -3728 1392 -3472 1392 0
w -3472 1264 -3472 1392 0
w -3456 1200 -3456 1392 0
w -2768 848 -2768 1392 0
w -3456 1392 -2768 1392 0
157 -2384 -576 -2256 -576 7168 7 0 0
157 -2672 -576 -2416 -576 7168 7 0 0
w -1696 800 -1696 768 0
w -1696 768 -2640 768 0
w -2640 768 -2640 -64 0
w -1696 -448 -1696 -64 0
w -1696 -64 -2640 -64 0
w -1728 800 -1728 752 0
w -1728 752 -2624 752 0
w -2624 752 -2624 -80 0
w -2624 -80 -1728 -80 0
w -1728 -448 -1728 -80 0
w -1760 800 -1760 736 0
w -1760 736 -2608 736 0
w -2608 736 -2608 -96 0
w -2608 -96 -1760 -96 0
w -1760 -448 -1760 -96 0
w -1792 800 -1792 720 0
w -1792 720 -2592 720 0
w -2592 720 -2592 -112 0
w -2592 -112 -1792 -112 0
w -1792 -448 -1792 -112 0
w -1824 800 -1824 384 0
w -1824 384 -2576 384 0
w -2576 384 -2576 -128 0
w -2576 -128 -1824 -128 0
w -1824 -512 -1824 -128 0
w -1856 800 -1856 400 0
w -1856 400 -2560 400 0
w -2560 400 -2560 -144 0
w -2560 -144 -1840 -144 0
w -1824 -544 -1840 -544 0
w -1840 -544 -1840 -144 0
w -1824 -576 -1856 -576 0
w -1856 -576 -1856 -160 0
w -1888 800 -1888 416 0
w -1888 416 -2544 416 0
w -2544 416 -2544 -160 0
w -2544 -160 -1856 -160 0
w -1328 16 -1328 -48 0
w -1328 -48 -1488 -48 0
w -1488 -48 -1488 -112 0
w -1488 -112 -1968 -112 0
w -1968 -448 -1968 -112 0
w -1360 16 -1360 -32 0
w -1360 -32 -1504 -32 0
w -1504 -32 -1504 -96 0
w -1504 -96 -2000 -96 0
w -2000 -448 -2000 -96 0
w -1392 16 -1392 -16 0
w -1392 -16 -1520 -16 0
w -1520 -16 -1520 -80 0
w -1520 -80 -2032 -80 0
w -2032 -448 -2032 -80 0
w -1424 16 -1424 0 0
w -1424 0 -1536 0 0
w -1536 0 -1536 -64 0
w -1536 -64 -2064 -64 0
w -2064 -448 -2064 -64 0
w -1456 16 -1456 -240 0
w -1456 -240 -2096 -240 0
w -2096 -512 -2096 -240 0
w -1488 16 -1488 -256 0
w -1488 -256 -2112 -256 0
w -2096 -544 -2112 -544 0
w -2112 -544 -2112 -256 0
w -1520 16 -1520 -272 0
w -1520 -272 -2128 -272 0
w -2096 -576 -2128 -576 0
w -2128 -576 -2128 -272 0
w -2672 464 -2144 464 0
w -2256 -448 -2256 -176 0
w -2256 -176 -2656 -176 0
w -2656 -176 -2656 352 0
w -2656 352 -2144 352 0
w -2144 352 -2144 464 0
w -2288 -448 -2288 -192 0
w -2288 -192 -2672 -192 0
w -2672 -192 -2672 336 0
w -2672 336 -2160 336 0
w -2160 336 -2160 496 0
w -2672 496 -2160 496 0
w -2320 -448 -2320 -208 0
w -2320 -208 -2688 -208 0
w -2688 -208 -2688 320 0
w -2688 320 -2176 320 0
w -2176 320 -2176 528 0
w -2352 -448 -2352 -224 0
w -2352 -224 -2704 -224 0
w -2704 -224 -2704 304 0
w -2704 304 -2192 304 0
w -2192 304 -2192 560 0
w -2384 -512 -2384 -240 0
w -2384 -240 -2720 -240 0
w -2720 -240 -2720 288 0
w -2720 288 -2208 288 0
w -2208 288 -2208 592 0
w -2384 -544 -2400 -544 0
w -2400 -544 -2400 -256 0
w -2400 -256 -2736 -256 0
w -2736 -256 -2736 272 0
w -2736 272 -2272 272 0
w -2272 272 -2272 624 0
w -2384 -576 -2416 -576 0
w -2416 -576 -2416 -272 0
w -2416 -272 -2752 -272 0
w -2752 -272 -2752 256 0
w -2752 256 -2288 256 0
w -2288 256 -2288 656 0
w -2544 -448 -2544 -288 0
w -2544 -288 -2768 -288 0
w -2768 -288 -2768 240 0
w -2768 240 -2304 240 0
w -2304 240 -2304 1008 0
w -2576 -448 -2576 -304 0
w -2576 -304 -2784 -304 0
w -2784 -304 -2784 224 0
w -2784 224 -2320 224 0
w -2320 224 -2320 1040 0
w -2608 -448 -2608 -320 0
w -2608 -320 -2800 -320 0
w -2800 -320 -2800 208 0
w -2640 -448 -2640 -336 0
w -2640 -336 -2816 -336 0
w -2816 -336 -2816 192 0
w -2672 -512 -2672 -352 0
w -2672 -352 -2832 -352 0
w -2832 -352 -2832 176 0
w -2672 -544 -2688 -544 0
w -2688 -544 -2688 -368 0
w -2688 -368 -2848 -368 0
w -2848 -368 -2848 160 0
w -2672 -576 -2704 -576 0
w -2704 -576 -2704 -384 0
w -2704 -384 -2864 -384 0
w -2864 -384 -2864 144 0
w -2800 208 -2336 208 0
w -2816 192 -2352 192 0
w -2832 176 -2368 176 0
w -2848 160 -2384 160 0
w -2864 144 -2400 144 0
w -2336 208 -2336 1072 0
w -2352 192 -2352 1104 0
w -2368 176 -2368 1136 0
w -2384 160 -2384 1168 0
w -2400 144 -2400 1200 0
w -1424 144 -1440 144 0
w -1440 144 -1440 400 0
w -1440 400 -1808 400 0
w -1808 400 -1808 432 0
w -1808 432 -2240 432 0
w -2240 432 -2240 144 0
150 -2224 144 -2224 32 0 2 0 5
w -1360 144 -1376 144 0
w -1376 144 -1376 384 0
w -1376 384 -1792 384 0
w -1792 384 -1792 448 0
w -1792 448 -2224 448 0
w -2208 144 -2224 144 0
w -2224 144 -2224 448 0
155 -3840 1024 -3776 1024 0 0
w -2224 32 -2224 -48 0
w -2224 -48 -3904 -48 0
w -3904 -48 -3904 1024 0
w -3904 1024 -3840 1024 0
w -3808 496 -3808 512 0
w -3808 512 -3872 512 0
w -3872 512 -3872 992 0
w -3872 992 -3744 992 0
w -3744 992 -3744 1024 0
w -2128 256 -2128 240 0
w -2128 240 -2288 240 0
w -2288 240 -2288 -16 0
w -2288 -16 -3920 -16 0
w -3920 -16 -3920 1056 0
w -3920 1056 -3840 1056 0
